13008253999
18109844999
15042763999
13082236999
15642705999
15142744999
13610871999
18304272999
15642798999
13332384999
18104270999
13342388999
15167735999
18042772999
18042721999
15142740999
15942737999
13942726999
18698790999
18242750999
18404272999
15542798999
13610977999
15142785999
18042796999
18842701999
18624270999
15642768999
15909870888
15541359888
18342780888
13352381888
18704254888
15304276888
13188574888
15042305888
15042231888
15142755888
18842704888
13842743888
15304271888
18742350888
18642737888
15668710888
19818859888
18502423888
15142752888
17824067888
15842754888
13236777888
13842749888
15042797888
15142726888
15942703888
18742366888
18842702888
13238231888
13050855888
18742302888
13130930888
15134275888
13998784888
15942753777
13372810777
13610870777
17704275777
18704230777
13019940777
18042722777
13274271777
13514272777
18525709777
15104282777
15204254777
18742379777
18642729777
17629125777
18604273777
13030766777
13942774777
18600715777
13188588777
18524276777
15942763777
18642744777
18342782777
15842759777
18742336777
17742778777
15604272777
18342702777
15020279777
13904273666
15042769666
18342334666
13942709666
13842725666
13704274666
15241753666
15609877666
15842791666
18624512666
13942773666
18104278666
13386813666
13358903666
13358914666
15842720666
13342387666
16642788666
15326287666
15542762666
13352379666
18642739666
13050875666
18951879555
18406239555
18742318555
18042788555
15724573555
15204261555
13700021555
18242762555
18804277555
15942751555
13332370555
17041668555
13364276555
18842751555
18804278555
15042314555
17614279555
15204282555
18842739555
15541359555
18942764555
15842750555
13604274555
18942753555
18042735333
13234275333
18242724333
13386811333
15142710333
18624551333
15142725333
13372812333
18642769333
13071158333
15148776333
16774272333
17542761333
13704279333
13390385333
13804270333
13604937333
15042314333
15124151333
15142776333
18642716333
15642706333
15330989333
15942727333
18341920999
15102496999
18641956999
13591936999
18641983999
18642258999
13464900999
18341981999
18740202999
13050790999
13188604999
13130711999
18341290999
18341985999
18641916999
15904997999
13149798999
18698277999
13314198999
13130718999
13032443999
18524740999
18904196999
18241945999
13332348999
15841958999
18340922999
18704193999
18741906999
15841936999
13384196999
18941983999
15040780999
18642272888
13591915888
13314191888
18641933888
18341906888
14740647888
15104199888
13050770888
15841910888
18904196888
13504199888
17150291888
13154197888
15641953888
13188635888
18341982888
18641965888
13188636888
13314193888
15141905888
13214196888
13470387888
18341936888
13941995888
13634996888
15041954888
15641950888
15841931888
18841974888
13081787888
13634999888
15950155888
18004194888
13342346777
18624693777
15641588777
15104190777
13188461777
18241984777
15241955777
13147959777
13841936777
14740625777
13342330777
15141922777
13332346777
15941970777
15941906777
13641992777
18641996777
15724305777
13188453777
13898244777
13204194666
13500495666
13941944666
18741988666
18740210666
13188683666
18741929666
18641997666
18641937555
13941928555
13504192555
13904997555
13081769555
18643990555
18640707555
13500492555
15804990555
13552554555
13358744555
15140956555
18241982555
13941903555
13841987555
13243950555
13591939555
