18752322222
13962192222
17195263333
13646253333
15040494444
17634495555
15324076666
18605887777
18168577777
18655637777
13390898888
18952428888
13706168888
13913118888
13862239999
18121589999
18020259999
13511611111
13222242222
15950033333
13222263333
15501373333
13862665555
13862665555
18901565555
18118135555
18962405555
13862566666
18862267777
13092617777
13773268888
18951808888
18013608888
13913248888
18913218888
13115128888
15959928888
13915508888
13906229999
15501369999
13255189999
18913079999
13218599999
18013779999
15506239999
