18299976777
13295042777
15607301777
15543845777
18977815888
18762304777
13943046777
13885155888
15963211777
15559251777
13272511888
13575534888
17711747888
13322925888
13564027666
15803757777
15009845888
15304836777
15569055777
13223282888
18669488888
15770105888
13307902888
15273402888
18784277777
13932995777
15107459777
18386085777
18635185777
15930196888
18704385888
18860377777
15339175888
18263512888
18507386777
15320560888
18643755777
18640766777
15132290888
18802460777
15648815777
18162017777
18109127777
18132671777
15843627777
13876312888
18199787888
13681126888
13988937888
15773961777
18392222888
13067575888
15939621777
15897398888
13638338777
13339881888
17786254777
13945361777
18080700888
18734872888
19839722888
18602825777
13860372777
15305985777
13681297888
15254781777
15931675888
15529889888
18281014777
18083932888
17601644777
15849094777
18639619777
18191284888
18234855777
13555481777
18207740888
13575442777
18634965888
15773880777
18663579777
13390995888
18995665888
18561431777
15079389777
18205786777
15291521888
18263600777
13982874777
18220302888
15540789777
18074515777
13204618888
13887585777
13629381777
18933735888
