18045061111
13351828888
13796781111
18204289999
18341981999
18742318555
15042314555
13159611111
18740210666
18600715777
18341920999
18642729777
13591915888
18204959999
18954719999
15942727333
15204256666
13694238888
18804277555
13604937333
13604034444
13238231888
18104428888
13359365555
13700021555
13204194666
13898428888
13604424444
15541359555
13188461777
13372812333
13358903666
13694948888
13754065555
13904273666
15241753666
13614231111
13081769555
18545418888
15246782222
15042769666
17614279555
15942703888
15942763777
13604124444
15663092222
18641937555
14740625777
15842759777
17028568888
15841931888
17041668555
18104138888
15330989333
18704254888
15946784444
15304276888
15764393333
15946716666
13204272222
13614518888
18641983999
15246372222
13614991111
18714376666
13045848888
13804270333
15142725333
13332346777
15642723333
18714276666
15146345555
13199654444
18404195555
13791722222
13604974444
15909870888
13359495555
15124151333
13332348999
15841936999
13351889999
13945182222
13614401111
13842749888
18941319999
15326285555
18104558888
15804918888
18642744777
15904615555
15904005555
13904272222
13942726999
13614288888
13351839999
13898438888
13754955555
13188636888
13898244777
18641933888
13941928555
18645284444
18545728888
18641965888
18624338888
13351528888
15546475555
18904196999
18045091111
18742377777
13358914666
13188635888
13941903555
18341290999
13610977999
13946942222
15127678888
13945392222
13199264444
17742199999
13199894444
13898308888
18742350888
13188604999
18645364444
13351538888
18641916999
13199414444
18714846666
13694478888
13604554444
13942773666
15577389999
18645504444
13946902222
13159441111
18645122222
13351039999
15865961111
18714016666
13130732222
18204569999
15942737999
13898148888
13147959999
18445072222
15668710888
15146195555
13564279999
15542798999
15842754888
13188588777
18045301111
15897696666
13144693333
18242762555
15577549999
15546585555
13936121111
18342701111
13604854444
17824049999
18698277999
13604114444
18204049999
13946046666
18545828888
15537179999
15804990555
18640707555
13757977777
13234792222
13243950555
18624551333
13358744555
18870591111
13591939555
18342334666
18842739555
18545018888
15146515555
18045061111
17624289999
15052789999
18352779999
13018259999
13414269999
15314989999
18204119999
13574279999
15144279999
18951319999
17834049999
13814279999
13053868888
15392038888
15137678888
15914938888
17305608888
18634398888
13038258888
13736248888
18050027777
15852757777
18752377777
15252787777
15194266666
15214256666
17751816666
15134275555
18652795555
15214275555
17164025555
13952725555
15336285555
13038255555
15251165555
15152725555
13908715555
18714245555
15852713333
16652713333
13614233333
15652723333
15851143333
13214272222
13151012222
18352712222
13382812222
13914272222
18650741111
18352741111
18352701111
18664621111
18634501111
15651969999
18534199999
13157959999
18851949999
18051929999
15912479999
13808249999
13928559999
17752199999
15850869999
18634338888
18251927777
15359977777
15112477777
13767977777
13808087777
15807696666
18851986666
13060796666
14750666666
18414195555
18051925555
18951975555
13429565555
13343333333
18251963333
15651903333
18251953333
15814993333
18951993333
13140732222
19834882222
19834492222
13135682222
13053822222
13981452222
13620991111
18804111111
18880591111
15051901111
13634971111
17634289999
15062789999
18362779999
13028259999
13424269999
15324989999
18214119999
13584279999
15154279999
18961319999
17844049999
13824279999
13063868888
15302038888
15147678888
15924938888
17315608888
18644398888
13048258888
13746248888
18060027777
15862757777
18762377777
15262787777
15104266666
15224256666
17761816666
15144275555
18662795555
15224275555
17174025555
13962725555
15346285555
13048255555
15261165555
15162725555
13918715555
18724245555
15862713333
16662713333
13624233333
15662723333
15861143333
13224272222
13161012222
18362712222
13392812222
13924272222
18660741111
18362741111
18362701111
18674621111
18644501111
15661969999
18544199999
13167959999
18861949999
18061929999
15922479999
13818249999
13938559999
17762199999
15860869999
18644338888
18261927777
15369977777
15122477777
13777977777
13818087777
15817696666
18861986666
13070796666
14760666666
18424195555
18061925555
18961975555
13439565555
13353333333
18261963333
15661903333
18261953333
15824993333
18961993333
13150732222
19844882222
19844492222
13145682222
13063822222
13991452222
13630991111
18814111111
18890591111
15061901111
13644971111
17644289999
15072789999
18372779999
13038259999
13434269999
15334989999
18224119999
13594279999
15164279999
18971319999
17854049999
13834279999
13073868888
15312038888
15157678888
15934938888
17325608888
18654398888
13058258888
13756248888
18070027777
15872757777
18772377777
15272787777
15114266666
15234256666
17771816666
15154275555
18672795555
15234275555
17184025555
13972725555
15356285555
13058255555
15271165555
15172725555
13928715555
18734245555
15872713333
16672713333
13634233333
15672723333
15871143333
13234272222
13171012222
18372712222
13302812222
13934272222
18670741111
18372741111
18372701111
18684621111
18654501111
15671969999
18554199999
13177959999
18871949999
18071929999
15932479999
13828249999
13948559999
17772199999
15870869999
18654338888
18271927777
15379977777
15132477777
13787977777
13828087777
15827696666
18871986666
13080796666
14770666666
18434195555
18071925555
18971975555
13449565555
13363333333
18271963333
15671903333
18271953333
15834993333
18971993333
13160732222
19854882222
19854492222
13155682222
13073822222
13901452222
13640991111
18824111111
18800591111
15071901111
13654971111
17654289999
15082789999
18382779999
13048259999
13444269999
15344989999
18234119999
13504279999
15174279999
18981319999
17864049999
13844279999
13083868888
15322038888
15167678888
15944938888
17335608888
18664398888
13068258888
13766248888
18080027777
15882757777
18782377777
15282787777
15124266666
15244256666
17781816666
15164275555
18682795555
15244275555
17194025555
13982725555
15366285555
13068255555
15281165555
15182725555
13938715555
18744245555
15882713333
16682713333
13644233333
15682723333
15881143333
13244272222
13181012222
18382712222
13312812222
13944272222
18680741111
18382741111
18382701111
18694621111
18664501111
15681969999
18564199999
13187959999
18881949999
18081929999
15942479999
13838249999
13958559999
17782199999
15880869999
18664338888
18281927777
15389977777
15142477777
13797977777
13838087777
15837696666
18881986666
13090796666
14780666666
18444195555
18081925555
18981975555
13459565555
13373333333
18281963333
15681903333
18281953333
15844993333
18981993333
13170732222
19864882222
19864492222
13165682222
13083822222
13911452222
13650991111
18834111111
18810591111
15081901111
13664971111
17664289999
15092789999
18392779999
13058259999
13454269999
15354989999
18244119999
13514279999
15184279999
18991319999
17874049999
13854279999
13093868888
15332038888
15177678888
15954938888
17345608888
18674398888
13078258888
13776248888
18090027777
15892757777
18792377777
15292787777
15134266666
15254256666
17791816666
15174275555
18692795555
15254275555
17104025555
13992725555
15376285555
13078255555
15291165555
15192725555
13948715555
18754245555
15892713333
16692713333
13654233333
15692723333
15891143333
13254272222
13191012222
18392712222
13322812222
13954272222
18690741111
18392741111
18392701111
18604621111
18674501111
15691969999
18574199999
13197959999
18891949999
18091929999
15952479999
13848249999
13968559999
17792199999
15890869999
18674338888
18291927777
15399977777
15152477777
13707977777
13848087777
15847696666
18891986666
13000796666
14790666666
18454195555
18091925555
18991975555
13469565555
13383333333
18291963333
15691903333
18291953333
15854993333
18991993333
13180732222
19874882222
19874492222
13175682222
13093822222
13921452222
13660991111
18844111111
18820591111
15091901111
13674971111
17674289999
15002789999
18302779999
13068259999
13464269999
15364989999
18254119999
13524279999
15194279999
18901319999
17884049999
13864279999
13003868888
15342038888
15187678888
15964938888
17355608888
18684398888
13088258888
13786248888
18000027777
15802757777
18702377777
15202787777
15144266666
15264256666
17701816666
15184275555
18602795555
15264275555
17114025555
13902725555
15386285555
13088255555
15201165555
15102725555
13958715555
18764245555
15802713333
16602713333
13664233333
15602723333
15801143333
13264272222
13101012222
18302712222
13332812222
13964272222
18600741111
18302741111
18302701111
18614621111
18684501111
15601969999
18584199999
13107959999
18801949999
18001929999
15962479999
13858249999
13978559999
17702199999
15800869999
18684338888
18201927777
15309977777
15162477777
13717977777
13858087777
15857696666
18801986666
13010796666
14700666666
18464195555
18001925555
18901975555
13479565555
13393333333
18201963333
15601903333
18201953333
15864993333
18901993333
13190732222
19884882222
19884492222
13185682222
13003822222
13931452222
13670991111
18854111111
18830591111
15001901111
13684971111
17684289999
15012789999
18312779999
13078259999
13474269999
15374989999
18264119999
13534279999
15104279999
18911319999
17894049999
13874279999
13013868888
15352038888
15197678888
15974938888
17365608888
18694398888
13098258888
13796248888
18010027777
15812757777
18712377777
15212787777
15154266666
15274256666
17711816666
15194275555
18612795555
15274275555
17124025555
13912725555
15396285555
13098255555
15211165555
15112725555
13968715555
18774245555
15812713333
16612713333
13674233333
15612723333
15811143333
13274272222
13111012222
18312712222
13342812222
13974272222
18610741111
18312741111
18312701111
18624621111
18694501111
15611969999
18594199999
13117959999
18811949999
18011929999
15972479999
13868249999
13988559999
17712199999
15810869999
18694338888
18211927777
15319977777
15172477777
13727977777
13868087777
15867696666
18811986666
13020796666
14710666666
18474195555
18011925555
18911975555
13489565555
13303333333
18211963333
15611903333
18211953333
15874993333
18911993333
13100732222
19894882222
19894492222
13195682222
13013822222
13941452222
13680991111
18864111111
18840591111
15011901111
13694971111
17694289999
15022789999
18322779999
13088259999
13484269999
15384989999
18274119999
13544279999
15114279999
18921319999
17804049999
13884279999
13023868888
15362038888
15107678888
15984938888
17375608888
18604398888
13008258888
13706248888
18020027777
15822757777
18722377777
15222787777
15164266666
15284256666
17721816666
15104275555
18622795555
15284275555
17134025555
13922725555
15306285555
13008255555
15221165555
15122725555
13978715555
18784245555
15822713333
16622713333
13684233333
15622723333
15821143333
13284272222
13121012222
18322712222
13352812222
13984272222
18620741111
18322741111
18322701111
18634621111
18604501111
15621969999
18504199999
13127959999
18821949999
18021929999
15982479999
13878249999
13998559999
17722199999
15820869999
18604338888
18221927777
15329977777
15182477777
13737977777
13878087777
15877696666
18821986666
13030796666
14720666666
18484195555
18021925555
18921975555
13499565555
13313333333
18221963333
15621903333
18221953333
15884993333
18921993333
13110732222
19804882222
19804492222
13105682222
13023822222
13951452222
13690991111
18874111111
18850591111
15021901111
13604971111
17604289999
15032789999
18332779999
13098259999
13494269999
15394989999
18284119999
13554279999
15124279999
18931319999
17814049999
13894279999
13033868888
15372038888
15117678888
15994938888
17385608888
18614398888
13018258888
13716248888
18030027777
15832757777
18732377777
15232787777
15174266666
15294256666
17731816666
15114275555
18632795555
15294275555
17144025555
13932725555
15316285555
13018255555
15231165555
15132725555
13988715555
18794245555
15832713333
16632713333
13694233333
15632723333
15831143333
13294272222
13131012222
18332712222
13362812222
13994272222
18630741111
18332741111
18332701111
18644621111
18614501111
15631969999
18514199999
13137959999
18831949999
18031929999
15992479999
13888249999
13908559999
17732199999
15830869999
18614338888
18231927777
15339977777
15192477777
13747977777
13888087777
15887696666
18831986666
13040796666
14730666666
18494195555
18031925555
18931975555
13409565555
13323333333
18231963333
15631903333
18231953333
15894993333
18931993333
13120732222
19814882222
19814492222
13115682222
13033822222
13961452222
13600991111
18884111111
18860591111
15031901111
13614971111
17615289999
15043789999
18343779999
13009259999
13405269999
15305989999
18295119999
13565279999
15135279999
18942319999
17825049999
13805279999
13044868888
15383038888
15128678888
15905938888
17396608888
18625398888
13029258888
13727248888
18041027777
15843757777
18743377777
15243787777
15185266666
15205256666
17742816666
15125275555
18643795555
15205275555
17155025555
13943725555
15327285555
13029255555
15242165555
15143725555
13999715555
18705245555
15843713333
16643713333
13605233333
15643723333
15842143333
13205272222
13142012222
18343712222
13373812222
13905272222
18641741111
18343741111
18343701111
18655621111
18625501111
15642969999
18525199999
13148959999
18842949999
18042929999
15903479999
13899249999
13919559999
17743199999
15841869999
18625338888
18242927777
15340977777
15103477777
13758977777
13899087777
15898696666
18842986666
13051796666
14741666666
18405195555
18042925555
18942975555
13410565555
13334333333
18242963333
15642903333
18242953333
15805993333
18942993333
13131732222
19825882222
19825492222
13126682222
13044822222
13972452222
13611991111
18895111111
18871591111
15042901111
13625971111
17616289999
15044789999
18344779999
13000259999
13406269999
15306989999
18296119999
13566279999
15136279999
18943319999
17826049999
13806279999
13045868888
15384038888
15129678888
15906938888
17397608888
18626398888
13020258888
13728248888
18042027777
15844757777
18744377777
15244787777
15186266666
15206256666
17743816666
15126275555
18644795555
15206275555
17156025555
13944725555
15328285555
13020255555
15243165555
15144725555
13990715555
18706245555
15844713333
16644713333
13606233333
15644723333
15843143333
13206272222
13143012222
18344712222
13374812222
13906272222
18642741111
18344741111
18344701111
18656621111
18626501111
15643969999
18526199999
13149959999
18843949999
18043929999
15904479999
13890249999
13910559999
17744199999
15842869999
18626338888
18243927777
15341977777
15104477777
13759977777
13890087777
15899696666
18843986666
13052796666
14742666666
18406195555
18043925555
18943975555
13411565555
13335333333
18243963333
15643903333
18243953333
15806993333
18943993333
13132732222
19826882222
19826492222
13127682222
13045822222
13973452222
13612991111
18896111111
18872591111
15043901111
13626971111
17617289999
15045789999
18345779999
13001259999
13407269999
15307989999
18297119999
13567279999
15137279999
18944319999
17827049999
13807279999
13046868888
15385038888
15120678888
15907938888
17398608888
18627398888
13021258888
13729248888
18043027777
15845757777
18745377777
15245787777
15187266666
15207256666
17744816666
15127275555
18645795555
15207275555
17157025555
13945725555
15329285555
13021255555
15244165555
15145725555
13991715555
18707245555
15845713333
16645713333
13607233333
15645723333
15844143333
13207272222
13144012222
18345712222
13375812222
13907272222
18643741111
18345741111
18345701111
18657621111
18627501111
15644969999
18527199999
13140959999
18844949999
18044929999
15905479999
13891249999
13911559999
17745199999
15843869999
18627338888
18244927777
15342977777
15105477777
13750977777
13891087777
15890696666
18844986666
13053796666
14743666666
18407195555
18044925555
18944975555
13412565555
13336333333
18244963333
15644903333
18244953333
15807993333
18944993333
13133732222
19827882222
19827492222
13128682222
13046822222
13974452222
13613991111
18897111111
18873591111
15044901111
13627971111
17618289999
15046789999
18346779999
13002259999
13408269999
15308989999
18298119999
13568279999
15138279999
18945319999
17828049999
13808279999
13047868888
15386038888
15121678888
15908938888
17399608888
18628398888
13022258888
13720248888
18044027777
15846757777
18746377777
15246787777
15188266666
15208256666
17745816666
15128275555
18646795555
15208275555
17158025555
13946725555
15320285555
13022255555
15245165555
15146725555
13992715555
18708245555
15846713333
16646713333
13608233333
15646723333
15845143333
13208272222
13145012222
18346712222
13376812222
13908272222
18644741111
18346741111
18346701111
18658621111
18628501111
15645969999
18528199999
13141959999
18845949999
18045929999
15906479999
13892249999
13912559999
17746199999
15844869999
18628338888
18245927777
15343977777
15106477777
13751977777
13892087777
15891696666
18845986666
13054796666
14744666666
18408195555
18045925555
18945975555
13413565555
13337333333
18245963333
15645903333
18245953333
15808993333
18945993333
13134732222
19828882222
19828492222
13129682222
13047822222
13975452222
13614991111
18898111111
18874591111
15045901111
13628971111
17619289999
15047789999
18347779999
13003259999
13409269999
15309989999
18299119999
13569279999
15139279999
18946319999
17829049999
13809279999
13048868888
15387038888
15122678888
15909938888
17390608888
18629398888
13023258888
13721248888
18045027777
15847757777
18747377777
15247787777
15189266666
15209256666
17746816666
15129275555
18647795555
15209275555
17159025555
13947725555
15321285555
13023255555
15246165555
15147725555
13993715555
18709245555
15847713333
16647713333
13609233333
15647723333
15846143333
13209272222
13146012222
18347712222
13377812222
13909272222
18645741111
18347741111
18347701111
18659621111
18629501111
15646969999
18529199999
13142959999
18846949999
18046929999
15907479999
13893249999
13913559999
17747199999
15845869999
18629338888
18246927777
15344977777
15107477777
13752977777
13893087777
15892696666
18846986666
13055796666
14745666666
18409195555
18046925555
18946975555
13414565555
13338333333
18246963333
15646903333
18246953333
15809993333
18946993333
13135732222
19829882222
19829492222
13120682222
13048822222
13976452222
13615991111
18899111111
18875591111
15046901111
13629971111
17610289999
15048789999
18348779999
13004259999
13400269999
15300989999
18290119999
13560279999
15130279999
18947319999
17820049999
13800279999
13049868888
15388038888
15123678888
15900938888
17391608888
18620398888
13024258888
13722248888
18046027777
15848757777
18748377777
15248787777
15180266666
15200256666
17747816666
15120275555
18648795555
15200275555
17150025555
13948725555
15322285555
13024255555
15247165555
15148725555
13994715555
18700245555
15848713333
16648713333
13600233333
15648723333
15847143333
13200272222
13147012222
18348712222
13378812222
13900272222
18646741111
18348741111
18348701111
18650621111
18620501111
15647969999
18520199999
13143959999
18847949999
18047929999
15908479999
13894249999
13914559999
17748199999
15846869999
18620338888
18247927777
15345977777
15108477777
13753977777
13894087777
15893696666
18847986666
13056796666
14746666666
18400195555
18047925555
18947975555
13415565555
13339333333
18247963333
15647903333
18247953333
15800993333
18947993333
13136732222
19820882222
19820492222
13121682222
13049822222
13977452222
13616991111
18890111111
18876591111
15047901111
13620971111
17611289999
15049789999
18349779999
13005259999
13401269999
15301989999
18291119999
13561279999
15131279999
18948319999
17821049999
13801279999
13040868888
15389038888
15124678888
15901938888
17392608888
18621398888
13025258888
13723248888
18047027777
15849757777
18749377777
15249787777
15181266666
15201256666
17748816666
15121275555
18649795555
15201275555
17151025555
13949725555
15323285555
13025255555
15248165555
15149725555
13995715555
18701245555
15849713333
16649713333
13601233333
15649723333
15848143333
13201272222
13148012222
18349712222
13379812222
13901272222
18647741111
18349741111
18349701111
18651621111
18621501111
15648969999
18521199999
13144959999
18848949999
18048929999
15909479999
13895249999
13915559999
17749199999
15847869999
18621338888
18248927777
15346977777
15109477777
13754977777
13895087777
15894696666
18848986666
13057796666
14747666666
18401195555
18048925555
18948975555
13416565555
13330333333
18248963333
15648903333
18248953333
15801993333
18948993333
13137732222
19821882222
19821492222
13122682222
13040822222
13978452222
13617991111
18891111111
18877591111
15048901111
13621971111
17612289999
15040789999
18340779999
13006259999
13402269999
15302989999
18292119999
13562279999
15132279999
18949319999
17822049999
13802279999
13041868888
15380038888
15125678888
15902938888
17393608888
18622398888
13026258888
13724248888
18048027777
15840757777
18740377777
15240787777
15182266666
15202256666
17749816666
15122275555
18640795555
15202275555
17152025555
13940725555
15324285555
13026255555
15249165555
15140725555
13996715555
18702245555
15840713333
16640713333
13602233333
15640723333
15849143333
13202272222
13149012222
18340712222
13370812222
13902272222
18648741111
18340741111
18340701111
18652621111
18622501111
15649969999
18522199999
13145959999
18849949999
18049929999
15900479999
13896249999
13916559999
17740199999
15848869999
18622338888
18249927777
15347977777
15100477777
13755977777
13896087777
15895696666
18849986666
13058796666
14748666666
18402195555
18049925555
18949975555
13417565555
13331333333
18249963333
15649903333
18249953333
15802993333
18949993333
13138732222
19822882222
19822492222
13123682222
13041822222
13979452222
13618991111
18892111111
18878591111
15049901111
13622971111
17613289999
15041789999
18341779999
13007259999
13403269999
15303989999
18293119999
13563279999
15133279999
18940319999
17823049999
13803279999
13042868888
15381038888
15126678888
15903938888
17394608888
18623398888
13027258888
13725248888
18049027777
15841757777
18741377777
15241787777
15183266666
15203256666
17740816666
15123275555
18641795555
15203275555
17153025555
13941725555
15325285555
13027255555
15240165555
15141725555
13997715555
18703245555
15841713333
16641713333
13603233333
15641723333
15840143333
13203272222
13140012222
18341712222
13371812222
13903272222
18649741111
18341741111
18341701111
18653621111
18623501111
15640969999
18523199999
13146959999
18840949999
18040929999
15901479999
13897249999
13917559999
17741199999
15849869999
18623338888
18240927777
15348977777
15101477777
13756977777
13897087777
15896696666
18840986666
13059796666
14749666666
18403195555
18040925555
18940975555
13418565555
13332333333
18240963333
15640903333
18240953333
15803993333
18940993333
13139732222
19823882222
19823492222
13124682222
13042822222
13970452222
13619991111
18893111111
18879591111
15040901111
13623971111
17614389999
15042889999
18342879999
13008359999
13404369999
15304089999
18294219999
13564379999
15134379999
18941419999
17824149999
13804379999
13043968888
15382138888
15127778888
15904038888
17395708888
18624498888
13028358888
13726348888
18040127777
15842857777
18742477777
15242887777
15184366666
15204356666
17741916666
15124375555
18642895555
15204375555
17154125555
13942825555
15326385555
13028355555
15241265555
15142825555
13998815555
18704345555
15842813333
16642813333
13604333333
15642823333
15841243333
13204372222
13141112222
18342812222
13372912222
13904372222
18640841111
18342841111
18342801111
18654721111
18624601111
15641069999
18524299999
13147059999
18841049999
18041029999
15902579999
13898349999
13918659999
17742299999
15840969999
18624438888
18241027777
15349077777
15102577777
13757077777
13898187777
15897796666
18841086666
13050896666
14740766666
18404295555
18041025555
18941075555
13419665555
13333433333
18241063333
15641003333
18241053333
15804093333
18941093333
13130832222
19824982222
19824592222
13125782222
13043922222
13971552222
13610091111
18894211111
18870691111
15041001111
13624071111
17614489999
15042989999
18342979999
13008459999
13404469999
15304189999
18294319999
13564479999
15134479999
18941519999
17824249999
13804479999
13043068888
15382238888
15127878888
15904138888
17395808888
18624598888
13028458888
13726448888
18040227777
15842957777
18742577777
15242987777
15184466666
15204456666
17741016666
15124475555
18642995555
15204475555
17154225555
13942925555
15326485555
13028455555
15241365555
15142925555
13998915555
18704445555
15842913333
16642913333
13604433333
15642923333
15841343333
13204472222
13141212222
18342912222
13372012222
13904472222
18640941111
18342941111
18342901111
18654821111
18624701111
15641169999
18524399999
13147159999
18841149999
18041129999
15902679999
13898449999
13918759999
17742399999
15840069999
18624538888
18241127777
15349177777
15102677777
13757177777
13898287777
15897896666
18841186666
13050996666
14740866666
18404395555
18041125555
18941175555
13419765555
13333533333
18241163333
15641103333
18241153333
15804193333
18941193333
13130932222
19824082222
19824692222
13125882222
13043022222
13971652222
13610191111
18894311111
18870791111
15041101111
13624171111
17614589999
15042089999
18342079999
13008559999
13404569999
15304289999
18294419999
13564579999
15134579999
18941619999
17824349999
13804579999
13043168888
15382338888
15127978888
15904238888
17395908888
18624698888
13028558888
13726548888
18040327777
15842057777
18742677777
15242087777
15184566666
15204556666
17741116666
15124575555
18642095555
15204575555
17154325555
13942025555
15326585555
13028555555
15241465555
15142025555
13998015555
18704545555
15842013333
16642013333
13604533333
15642023333
15841443333
13204572222
13141312222
18342012222
13372112222
13904572222
18640041111
18342041111
18342001111
18654921111
18624801111
15641269999
18524499999
13147259999
18841249999
18041229999
15902779999
13898549999
13918859999
17742499999
15840169999
18624638888
18241227777
15349277777
15102777777
13757277777
13898387777
15897996666
18841286666
13050096666
14740966666
18404495555
18041225555
18941275555
13419865555
13333633333
18241263333
15641203333
18241253333
15804293333
18941293333
13130032222
19824182222
19824792222
13125982222
13043122222
13971752222
13610291111
18894411111
18870891111
15041201111
13624271111
17614689999
15042189999
18342179999
13008659999
13404669999
15304389999
18294519999
13564679999
15134679999
18941719999
17824449999
13804679999
13043268888
15382438888
15127078888
15904338888
17395008888
18624798888
13028658888
13726648888
18040427777
15842157777
18742777777
15242187777
15184666666
15204656666
17741216666
15124675555
18642195555
15204675555
17154425555
13942125555
15326685555
13028655555
15241565555
15142125555
13998115555
18704645555
15842113333
16642113333
13604633333
15642123333
15841543333
13204672222
13141412222
18342112222
13372212222
13904672222
18640141111
18342141111
18342101111
18654021111
18624901111
15641369999
18524599999
13147359999
18841349999
18041329999
15902879999
13898649999
13918959999
17742599999
15840269999
18624738888
18241327777
15349377777
15102877777
13757377777
13898487777
15897096666
18841386666
13050196666
14740066666
18404595555
18041325555
18941375555
13419965555
13333733333
18241363333
15641303333
18241353333
15804393333
18941393333
13130132222
19824282222
19824892222
13125082222
13043222222
13971852222
13610391111
18894511111
18870991111
15041301111
13624371111
17614789999
15042289999
18342279999
13008759999
13404769999
15304489999
18294619999
13564779999
15134779999
18941819999
17824549999
13804779999
13043368888
15382538888
15127178888
15904438888
17395108888
18624898888
13028758888
13726748888
18040527777
15842257777
18742877777
15242287777
15184766666
15204756666
17741316666
15124775555
18642295555
15204775555
17154525555
13942225555
15326785555
13028755555
15241665555
15142225555
13998215555
18704745555
15842213333
16642213333
13604733333
15642223333
15841643333
13204772222
13141512222
18342212222
13372312222
13904772222
18640241111
18342241111
18342201111
18654121111
18624001111
15641469999
18524699999
13147459999
18841449999
18041429999
15902979999
13898749999
13918059999
17742699999
15840369999
18624838888
18241427777
15349477777
15102977777
13757477777
13898587777
15897196666
18841486666
13050296666
14740166666
18404695555
18041425555
18941475555
13419065555
13333833333
18241463333
15641403333
18241453333
15804493333
18941493333
13130232222
19824382222
19824992222
13125182222
13043322222
13971952222
13610491111
18894611111
18870091111
15041401111
13624471111
17614889999
15042389999
18342379999
13008859999
13404869999
15304589999
18294719999
13564879999
15134879999
18941919999
17824649999
13804879999
13043468888
15382638888
15127278888
15904538888
17395208888
18624998888
13028858888
13726848888
18040627777
15842357777
18742977777
15242387777
15184866666
15204856666
17741416666
15124875555
18642395555
15204875555
17154625555
13942325555
15326885555
13028855555
15241765555
15142325555
13998315555
18704845555
15842313333
16642313333
13604833333
15642323333
15841743333
13204872222
13141612222
18342312222
13372412222
13904872222
18640341111
18342341111
18342301111
18654221111
18624101111
15641569999
18524799999
13147559999
18841549999
18041529999
15902079999
13898849999
13918159999
17742799999
15840469999
18624938888
18241527777
15349577777
15102077777
13757577777
13898687777
15897296666
18841586666
13050396666
14740266666
18404795555
18041525555
18941575555
13419165555
13333933333
18241563333
15641503333
18241553333
15804593333
18941593333
13130332222
19824482222
19824092222
13125282222
13043422222
13971052222
13610591111
18894711111
18870191111
15041501111
13624571111
17614989999
15042489999
18342479999
13008959999
13404969999
15304689999
18294819999
13564979999
15134979999
18941019999
17824749999
13804979999
13043568888
15382738888
15127378888
15904638888
17395308888
18624098888
13028958888
13726948888
18040727777
15842457777
18742077777
15242487777
15184966666
15204956666
17741516666
15124975555
18642495555
15204975555
17154725555
13942425555
15326985555
13028955555
15241865555
15142425555
13998415555
18704945555
15842413333
16642413333
13604933333
15642423333
15841843333
13204972222
13141712222
18342412222
13372512222
13904972222
18640441111
18342441111
18342401111
18654321111
18624201111
15641669999
18524899999
13147659999
18841649999
18041629999
15902179999
13898949999
13918259999
17742899999
15840569999
18624038888
18241627777
15349677777
15102177777
13757677777
13898787777
15897396666
18841686666
13050496666
14740366666
18404895555
18041625555
18941675555
13419265555
13333033333
18241663333
15641603333
18241653333
15804693333
18941693333
13130432222
19824582222
19824192222
13125382222
13043522222
13971152222
13610691111
18894811111
18870291111
15041601111
13624671111
17614089999
15042589999
18342579999
13008059999
13404069999
15304789999
18294919999
13564079999
15134079999
18941119999
17824849999
13804079999
13043668888
15382838888
15127478888
15904738888
17395408888
18624198888
13028058888
13726048888
18040827777
15842557777
18742177777
15242587777
15184066666
15204056666
17741616666
15124075555
18642595555
15204075555
17154825555
13942525555
15326085555
13028055555
15241965555
15142525555
13998515555
18704045555
15842513333
16642513333
13604033333
15642523333
15841943333
13204072222
13141812222
18342512222
13372612222
13904072222
18640541111
18342541111
18342501111
18654421111
18624301111
15641769999
18524999999
13147759999
18841749999
18041729999
15902279999
13898049999
13918359999
17742999999
15840669999
18624138888
18241727777
15349777777
15102277777
13757777777
13898887777
15897496666
18841786666
13050596666
14740466666
18404995555
18041725555
18941775555
13419365555
13333133333
18241763333
15641703333
18241753333
15804793333
18941793333
13130532222
19824682222
19824292222
13125482222
13043622222
13971252222
13610791111
18894911111
18870391111
15041701111
13624771111
17614189999
15042689999
18342679999
13008159999
13404169999
15304889999
18294019999
13564179999
15134179999
18941219999
17824949999
13804179999
13043768888
15382938888
15127578888
15904838888
17395508888
18624298888
13028158888
13726148888
18040927777
15842657777
18742277777
15242687777
15184166666
15204156666
17741716666
15124175555
18642695555
15204175555
17154925555
13942625555
15326185555
13028155555
15241065555
15142625555
13998615555
18704145555
15842613333
16642613333
13604133333
15642623333
15841043333
13204172222
13141912222
18342612222
13372712222
13904172222
18640641111
18342641111
18342601111
18654521111
18624401111
15641869999
18524099999
13147859999
18841849999
18041829999
15902379999
13898149999
13918459999
17742099999
15840769999
18624238888
18241827777
15349877777
15102377777
13757877777
13898987777
15897596666
18841886666
13050696666
14740566666
18404095555
18041825555
18941875555
13419465555
13333233333
18241863333
15641803333
18241853333
15804893333
18941893333
13130632222
19824782222
19824392222
13125582222
13043722222
13971352222
13610891111
18894011111
18870491111
15041801111
13624871111
17614299999
15042799999
18342789999
13008269999
13404279999
15304999999
18294129999
13564289999
15134289999
18941329999
17824059999
13804289999
13043878888
15382048888
15127688888
15904948888
17395618888
18624308888
13028268888
13726258888
18040037777
15842767777
18742387777
15242797777
15184276666
15204266666
17741826666
15124285555
18642705555
15204285555
17154035555
13942735555
15326295555
13028265555
15241175555
15142735555
13998725555
18704255555
15842723333
16642723333
13604243333
15642733333
15841153333
13204282222
13141022222
18342722222
13372822222
13904282222
18640751111
18342751111
18342711111
18654631111
18624511111
15641979999
18524109999
13147969999
18841959999
18041939999
15902489999
13898259999
13918569999
17742109999
15840879999
18624348888
18241937777
15349987777
15102487777
13757987777
13898097777
15897606666
18841996666
13050706666
14740676666
18404105555
18041935555
18941985555
13419575555
13333343333
18241973333
15641913333
18241963333
15804903333
18941903333
13130742222
19824892222
19824402222
13125692222
13043832222
13971462222
13610901111
18894121111
18870501111
15041911111
13624981111
17614209999
15042709999
18342799999
13008279999
13404289999
15304909999
18294139999
13564299999
15134299999
18941339999
17824069999
13804299999
13043888888
15382058888
15127698888
15904958888
17395628888
18624318888
13028278888
13726268888
18040047777
15842777777
18742397777
15242707777
15184286666
15204276666
17741836666
15124295555
18642715555
15204295555
17154045555
13942745555
15326205555
13028275555
15241185555
15142745555
13998735555
18704265555
15842733333
16642733333
13604253333
15642743333
15841163333
13204292222
13141032222
18342732222
13372832222
13904292222
18640761111
18342761111
18342721111
18654641111
18624521111
15641989999
18524119999
13147979999
18841969999
18041949999
15902499999
13898269999
13918579999
17742119999
15840889999
18624358888
18241947777
15349997777
15102497777
13757997777
13898007777
15897616666
18841906666
13050716666
14740686666
18404115555
18041945555
18941995555
13419585555
13333353333
18241983333
15641923333
18241973333
15804913333
18941913333
13130752222
19824802222
19824412222
13125602222
13043842222
13971472222
13610911111
18894131111
18870511111
15041921111
13624991111
17614219999
15042719999
18342709999
13008289999
13404299999
15304919999
18294149999
13564209999
15134209999
18941349999
17824079999
13804209999
13043898888
15382068888
15127608888
15904968888
17395638888
18624328888
13028288888
13726278888
18040057777
15842787777
18742307777
15242717777
15184296666
15204286666
17741846666
15124205555
18642725555
15204205555
17154055555
13942755555
15326215555
13028285555
15241195555
15142755555
13998745555
18704275555
15842743333
16642743333
13604263333
15642753333
15841173333
13204202222
13141042222
18342742222
13372842222
13904202222
18640771111
18342771111
18342731111
18654651111
18624531111
15641999999
18524129999
13147989999
18841979999
18041959999
15902409999
13898279999
13918589999
17742129999
15840899999
18624368888
18241957777
15349907777
15102407777
13757907777
13898017777
15897626666
18841916666
13050726666
14740696666
18404125555
18041955555
18941905555
13419595555
13333363333
18241993333
15641933333
18241983333
15804923333
18941923333
13130762222
19824812222
19824422222
13125612222
13043852222
13971482222
13610921111
18894141111
18870521111
15041931111
13624901111
17614229999
15042729999
18342719999
13008299999
13404209999
15304929999
18294159999
13564219999
15134219999
18941359999
17824089999
13804219999
13043808888
15382078888
15127618888
15904978888
17395648888
18624338888
13028298888
13726288888
18040067777
15842797777
18742317777
15242727777
15184206666
15204296666
17741856666
15124215555
18642735555
15204215555
17154065555
13942765555
15326225555
13028295555
15241105555
15142765555
13998755555
18704285555
15842753333
16642753333
13604273333
15642763333
15841183333
13204212222
13141052222
18342752222
13372852222
13904212222
18640781111
18342781111
18342741111
18654661111
18624541111
15641909999
18524139999
13147999999
18841989999
18041969999
15902419999
13898289999
13918599999
17742139999
15840809999
18624378888
18241967777
15349917777
15102417777
13757917777
13898027777
15897636666
18841926666
13050736666
14740606666
18404135555
18041965555
18941915555
13419505555
13333373333
18241903333
15641943333
18241993333
15804933333
18941933333
13130772222
19824822222
19824432222
13125622222
13043862222
13971492222
13610931111
18894151111
18870531111
15041941111
13624911111
17614239999
15042739999
18342729999
13008209999
13404219999
15304939999
18294169999
13564229999
15134229999
18941369999
17824099999
13804229999
13043818888
15382088888
15127628888
15904988888
17395658888
18624348888
13028208888
13726298888
18040077777
15842707777
18742327777
15242737777
15184216666
15204206666
17741866666
15124225555
18642745555
15204225555
17154075555
13942775555
15326235555
13028205555
15241115555
15142775555
13998765555
18704295555
15842763333
16642763333
13604283333
15642773333
15841193333
13204222222
13141062222
18342762222
13372862222
13904222222
18640791111
18342791111
18342751111
18654671111
18624551111
15641919999
18524149999
13147909999
18841999999
18041979999
15902429999
13898299999
13918509999
17742149999
15840819999
18624388888
18241977777
15349927777
15102427777
13757927777
13898037777
15897646666
18841936666
13050746666
14740616666
18404145555
18041975555
18941925555
13419515555
13333383333
18241913333
15641953333
18241903333
15804943333
18941943333
13130782222
19824832222
19824442222
13125632222
13043872222
13971402222
13610941111
18894161111
18870541111
15041951111
13624921111
17614249999
15042749999
18342739999
13008219999
13404229999
15304949999
18294179999
13564239999
15134239999
18941379999
17824009999
13804239999
13043828888
15382098888
15127638888
15904998888
17395668888
18624358888
13028218888
13726208888
18040087777
15842717777
18742337777
15242747777
15184226666
15204216666
17741876666
15124235555
18642755555
15204235555
17154085555
13942785555
15326245555
13028215555
15241125555
15142785555
13998775555
18704205555
15842773333
16642773333
13604293333
15642783333
15841103333
13204232222
13141072222
18342772222
13372872222
13904232222
18640701111
18342701111
18342761111
18654681111
18624561111
15641929999
18524159999
13147919999
18841909999
18041989999
15902439999
13898209999
13918519999
17742159999
15840829999
18624398888
18241987777
15349937777
15102437777
13757937777
13898047777
15897656666
18841946666
13050756666
14740626666
18404155555
18041985555
18941935555
13419525555
13333393333
18241923333
15641963333
18241913333
15804953333
18941953333
13130792222
19824842222
19824452222
13125642222
13043882222
13971412222
13610951111
18894171111
18870551111
15041961111
13624931111
17614259999
15042759999
18342749999
13008229999
13404239999
15304959999
18294189999
13564249999
15134249999
18941389999
17824019999
13804249999
13043838888
15382008888
15127648888
15904908888
17395678888
18624368888
13028228888
13726218888
18040097777
15842727777
18742347777
15242757777
15184236666
15204226666
17741886666
15124245555
18642765555
15204245555
17154095555
13942795555
15326255555
13028225555
15241135555
15142795555
13998785555
18704215555
15842783333
16642783333
13604203333
15642793333
15841113333
13204242222
13141082222
18342782222
13372882222
13904242222
18640711111
18342711111
18342771111
18654691111
18624571111
15641939999
18524169999
13147929999
18841919999
18041999999
15902449999
13898219999
13918529999
17742169999
15840839999
18624308888
18241997777
15349947777
15102447777
13757947777
13898057777
15897666666
18841956666
13050766666
14740636666
18404165555
18041995555
18941945555
13419535555
13333303333
18241933333
15641973333
18241923333
15804963333
18941963333
13130702222
19824852222
19824462222
13125652222
13043892222
13971422222
13610961111
18894181111
18870561111
15041971111
13624941111
17614269999
15042769999
18342759999
13008239999
13404249999
15304969999
18294199999
13564259999
15134259999
18941399999
17824029999
13804259999
13043848888
15382018888
15127658888
15904918888
17395688888
18624378888
13028238888
13726228888
18040007777
15842737777
18742357777
15242767777
15184246666
15204236666
17741896666
15124255555
18642775555
15204255555
17154005555
13942705555
15326265555
13028235555
15241145555
15142705555
13998795555
18704225555
15842793333
16642793333
13604213333
15642703333
15841123333
13204252222
13141092222
18342792222
13372892222
13904252222
18640721111
18342721111
18342781111
18654601111
18624581111
15641949999
18524179999
13147939999
18841929999
18041909999
15902459999
13898229999
13918539999
17742179999
15840849999
18624318888
18241907777
15349957777
15102457777
13757957777
13898067777
15897676666
18841966666
13050776666
14740646666
18404175555
18041905555
18941955555
13419545555
13333313333
18241943333
15641983333
18241933333
15804973333
18941973333
13130712222
19824862222
19824472222
13125662222
13043802222
13971432222
13610971111
18894191111
18870571111
15041981111
13624951111
17614279999
15042779999
18342769999
13008249999
13404259999
15304979999
18294109999
13564269999
15134269999
18941309999
17824039999
13804269999
13043858888
15382028888
15127668888
15904928888
17395698888
18624388888
13028248888
13726238888
18040017777
15842747777
18742367777
15242777777
15184256666
15204246666
17741806666
15124265555
18642785555
15204265555
17154015555
13942715555
15326275555
13028245555
15241155555
15142715555
13998705555
18704235555
15842703333
16642703333
13604223333
15642713333
15841133333
13204262222
13141002222
18342702222
13372802222
13904262222
18640731111
18342731111
18342791111
18654611111
18624591111
15641959999
18524189999
13147949999
18841939999
18041919999
15902469999
13898239999
13918549999
17742189999
15840859999
18624328888
18241917777
15349967777
15102467777
13757967777
13898077777
15897686666
18841976666
13050786666
14740656666
18404185555
18041915555
18941965555
13419555555
13333323333
18241953333
15641993333
18241943333
15804983333
18941983333
13130722222
19824872222
19824482222
13125672222
13043812222
13971442222
13610981111
18894101111
18870581111
15041991111
13624961111
