13936821111
13159991111
13796301111
13791192222
15246282222
15663472222
13836272222
18645372222
13945142222
15174653333
15174653333
15174653333
15174653333
13144523333
15174653333
18645464444
13045164444
15946694444
13604684444
13359545555
15146075555
18129136666
13946996666
13304656666
18714426666
18645306666
18645306666
15629556666
18645306666
15946456666
15364207777
18826808888
18104698888
18104698888
18104698888
13694658888
13351219999
18204619999
15865771111
15865771111
18045521111
17154571111
13936821111
13936821111
18182751111
13614671111
13199392222
13199392222
18445292222
18445292222
13945842222
13946862222
13234552222
15764593333
15764553333
18445274444
13199314444
13754495555
15904565555
15546305555
18645306666
18646487777
19945948888
13614698888
13898878888
13351438888
17028998888
13045468888
15804628888
18545398888
18954959999
15577169999
