13862491111
13211111111
13806271111
15950321111
13906251111
13511582222
13626282222
13222222222
18962043333
13333333333
13375113333
13333333333
13773083333
13333333333
13333333333
17768463333
17751335555
13236315555
13862855555
13092645555
13295166666
13357936666
18961906666
13775186666
13270666666
18761316666
13295166666
13962566666
13962586666
15506166666
13862196666
15606277777
15358807777
15371247777
13912637777
18162217777
15306287777
15306287777
13861637777
13218167777
13160338888
13376118888
13382288888
18015528888
17768008888
18651338888
13757228888
18915668888
13656278888
15757899999
18902629999
13357989999
18062499999
15995559999
15506159999
15061139999
13357989999
13115069999
