13862491111
13211111111
13806271111
15950321111
13906251111
13511582222
13626282222
13222222222
18962043333
13333333333
13375113333
13333333333
13773083333
13333333333
13333333333
17768463333
17751335555
13236315555
13862855555
13092645555
13295166666
13357936666
18961906666
13775186666
13270666666
18761316666
13295166666
13962566666
13962586666
15506166666
13862196666
15606277777
15358807777
15371247777
13912637777
18162217777
15306287777
15306287777
13861637777
13218167777
13160338888
13376118888
13382288888
18015528888
17768008888
18651338888
13757228888
18915668888
13656278888
15757899999
18902629999
13357989999
18062499999
15995559999
15506159999
15061139999
13357989999
13115069999
13149449999
15859799999
15060999999
15059589999
13888529999
13836469999
15632639999
13063759999
13851259999
15933399999
13818519999
13518999999
13134849999
18988399999
18875769999
15586399999
13135609999
18322539999
13870799999
15324299999
13265499999
15945549999
13103299999
18905439999
15896309999
13595469999
15257629999
15081009999
13278919999
18219879999
15936799999
15214009999
15830058888
15552558888
13335308888
13389748888
18935388888
18732168888
13306308888
13315588888
13618038888
18734598888
13146218888
18607468888
15833178888
13179988888
13189928888
18346998888
13904568888
18248178888
15971588888
13876318888
13307908888
13223288888
15204788888
18730858888
18392228888
18263518888
18220308888
18083938888
19839728888
18734878888
15855708888
15273408888
13273297777
15963217777
18234087777
15607307777
15773967777
18132677777
13629387777
15254787777
15939627777
13945367777
13555487777
18561437777
15559257777
13587667777
18982597777
15835187777
13653177777
15358197777
15502907777
13655497777
15558087777
18162227777
15145617777
15146717777
13737436666
15164746666
18736066666
13252596666
13328776666
13754886666
15578366666
13588506666
