13936831111
13159901111
13796311111
13791102222
15246292222
15663482222
13836282222
18645382222
13945152222
15174663333
15174663333
15174663333
15174663333
13144533333
15174663333
18645474444
13045174444
15946604444
13604694444
13359555555
15146085555
18129146666
13946906666
13304666666
18714436666
18645316666
18645316666
15629566666
18645316666
15946466666
15364217777
18826818888
18104608888
18104608888
18104608888
13694668888
13351229999
18204629999
15865781111
15865781111
18045531111
17154581111
13936831111
13936831111
18182761111
13614681111
13199302222
13199302222
18445202222
18445202222
13945852222
13946872222
13234562222
15764503333
15764563333
18445284444
13199324444
13754405555
15904575555
15546315555
18645316666
18646497777
19945958888
13614608888
13898888888
13351448888
17028908888
13045478888
15804638888
18545308888
18954969999
15577179999

