17776821999
13149459999
18939645999
15595272999
15859789999
15058036999
15060989999
13653788999
15771524999
18220887999
13109248999
15059599999
15181937999
18634824999
18866415999
13888539999
13836479999
13269186999
13611880999
18748552999
18647755999
15632649999
13063769999
13484786999
13851269999
13505012999
13363854999
15648244999
15933389999
13818529999
18235572999
13310350999
13843033999
13518989999
13806396999
13134859999
13818723999
17709520999
18873582999
13551456999
18988389999
18875779999
13159760999
13893128999
15586389999
13274468999
15573980999
13135619999
15204358999
18322549999
18629298999
13870789999
15556416999
13017020999
15353783999
15324289999
15971032999
13994952999
18002624999
13150078999
13931110999
13265489999
17635560999
15375682999
15945559999
18322966999
15758961999
18966981999
18799285999
13103289999
13333588999
15570628999
15830183999
18905449999
18051063999
18537046999
18335854999
15896319999
13466037999
18666681999
13227553999
18959440999
18670347999
18747766999
15995187999
13595479999
13453943999
18099924999
15082427999
15215176999
18966978999
15935284999
15257639999
13721585999
18039638999
13766431999
18299562999
15081019999
15675338999
13278929999
13507786999
13976267999
18219889999
13965570999
15936789999
13665945999
13664768999
15991998999
18992780999
15214019999
15830068888
18849015888
15552568888
13335318888
13389758888
15503879888
15965315888
13735584888
18935398888
18732178888
15933496888
17708590888
13306318888
13315598888
13462374888
13787189888
18689899888
15319263888
18360245888
13341457888
13618048888
18947175888
13178679888
13952085888
13907092888
13602589888
13968961888
13922190888
13694747888
15232181888
15135883888
18734588888
15182590888
18944982888
15387365888
16637731888
15309127888
15362095888
13850081888
13614457888
18009949888
13146228888
18646947888
13501080888
18607478888
18779592888
13981889888
15833188888
13283697888
18947751888
18305133888
15640116888
13541420888
13859430888
15575129888
15231096888
13788076888
13179998888
13189938888
17376789888
18346988888
13797737888
15831977888
13987389888
13506921888
13330467888
13689689888
13403684888
13850081888
15588689888
18673733888
13904578888
18269982888
15545690888
13330467888
15225331888
18248188888
15971598888
13876328888
13272527888
13575540888
18199793888
15529895888
18191290888
13339897888
13681132888
13307918888
15776372888
13067589888
15132286888
13223298888
18207756888
18933749888
15009851888
13340016888
15204798888
15770119888
15930182888
18730868888
18080716888
18392238888
18263528888
18634971888
13988943888
18220318888
18669494888
15320576888
15339189888
18704399888
13885161888
18083948888
15931681888
13681283888
13653395888
18995671888
19839738888
18734888888
13075810888
13390981888
13547133888
13204624888
18904780888
15897384888
15855718888
15273418888
13689370888
15291537888
18977829888
13322931888
13211080888
15353179888
15039263888
17711753888
13273287777
15803763777
15963227777
18635191777
18234097777
18205792777
18162023777
15543859777
18802476777
13943052777
18602831777
15607317777
15849080777
18109133777
15107465777
18074529777
15773977777
18132687777
13629397777
13887599777
13610744777
15254797777
18507392777
17601650777
13932989777
15939637777
13982880777
18784283777
15843633777
15304842777
15648821777
18643761777
18663585777
18247681777
18281020777
18386091777
13860388777
18247140777
18263616777
15148712777
13945377777
13555497777
18860383777
13575458777
18299982777
15773896777
13295058777
17786260777
18561447777
18640772777
15091942777
15559267777
13587677777
18234869777
15305991777
15569069777
15079395777
13638344777
18539621777
15540795777
18762310777
18982587777
13986082777
13833089777
15835197777
13653187777
15358187777
15502917777
13655487777
15987539777
15558097777
18047889777
18162237777
18032018777
15124311777
15044759777
15145627777
13250314777
18631140777
13938626777
13903561777
15146727777
18119115777
18639625777
18631133777
13851389777
15020949777
13973885777
18691285666
13338065666
15604477666
13737446666
13408015666
15164756666
15105559666
15067812666
18736076666
13252586666
13328786666
13767732666
13289297666
18749227666
13754896666
15511084666
13636029666
15578376666
17799435666
15904794666
18247088666
13789128666
13946022666
13541694666
18945325666
13588516666
18935116666
13308837666
15309170666
13638199666
13356290666
13784330666
13564033666
15773876666
18391116666
18760716666
18659960666
15700828666
13503998666
15190711666
13716288666
15503564666
18609993666
13316688666
18627017666
19304774666
15731165666
13973161666
15803195666
13909186666
13990873666
18755126666
15750476666
15674122666
13842612666
13992281666
15664676666
15663928666
18911970666
15054860666
15105123666
13700496666
13453065666
15227856666
15227832666
13170364666
13778057666
15903791666
18346783666
13699023666
15336114666
17609182666
18161591666
15727379666
13655278666
18607793666
18691285666
13338065666
15604477666
13737446666
13408015666
15164756666
15105559666
15067812666
18736076666
13252586666
13328786666
13767732666
13289297666
18749227666
13754896666
15511084666
13636029666
15578376666
17799435666
15904794666
18247088666
13789128666
13946022666
13541694666
18945325666
13588516666
18935116666
13308837666
15309170666
13638199666
13356290666
13784330666
13564033666
15773876666
18391116666
18760716666
18659960666
15700828666
13503998666
15190711666
13716288666
15503564666
18609993666
13316688666
18627017666
19304774666
15731165666
13973161666
15803195666
13909186666
13990873666
18755126666
15750476666
15674122666
13842612666
13992281666
15664676666
15663928666
18911970666
15054860666
15105123666
13700496666
13453065666
15227856666
15227832666
13170364666
13778057666
15903791666
18346783666
13699023666
15336114666
17609182666
18161591666
15727379666
13655278666
18607793666
17776821999
13149459999
18939645999
15595272999
15859789999
15058036999
15060989999
13653788999
15771524999
18220887999
13109248999
15059599999
15181937999
18634824999
18866415999
13888539999
13836479999
13269186999
13611880999
18748552999
18647755999
15632649999
13063769999
13484786999
13851269999
13505012999
13363854999
15648244999
15933389999
13818529999
18235572999
13310350999
13843033999
13518989999
13806396999
13134859999
13818723999
17709520999
18873582999
13551456999
18988389999
18875779999
13159760999
13893128999
15586389999
13274468999
15573980999
13135619999
15204358999
18322549999
18629298999
13870789999
15556416999
13017020999
15353783999
15324289999
15971032999
13994952999
18002624999
13150078999
13931110999
13265489999
17635560999
15375682999
15945559999
18322966999
15758961999
18966981999
18799285999
13103289999
13333588999
15570628999
15830183999
18905449999
18051063999
18537046999
18335854999
15896319999
13466037999
18666681999
13227553999
18959440999
18670347999
18747766999
15995187999
13595479999
13453943999
18099924999
15082427999
15215176999
18966978999
15935284999
15257639999
13721585999
18039638999
13766431999
18299562999
15081019999
15675338999
13278929999
13507786999
13976267999
18219889999
13965570999
15936789999
13665945999
13664768999
15991998999
18992780999
15214019999
15830068888
18849015888
15552568888
13335318888
13389758888
15503879888
15965315888
13735584888
18935398888
18732178888
15933496888
17708590888
13306318888
13315598888
13462374888
13787189888
18689899888
15319263888
18360245888
13341457888
13618048888
18947175888
13178679888
13952085888
13907092888
13602589888
13968961888
13922190888
13694747888
15232181888
15135883888
18734588888
15182590888
18944982888
15387365888
16637731888
15309127888
15362095888
13850081888
13614457888
18009949888
13146228888
18646947888
13501080888
18607478888
18779592888
13981889888
15833188888
13283697888
18947751888
18305133888
15640116888
13541420888
13859430888
15575129888
15231096888
13788076888
13179998888
13189938888
17376789888
18346988888
13797737888
15831977888
13987389888
13506921888
13330467888
13689689888
13403684888
13850081888
15588689888
18673733888
13904578888
18269982888
15545690888
13330467888
15225331888
18248188888
15971598888
13876328888
13272527888
13575540888
18199793888
15529895888
18191290888
13339897888
13681132888
13307918888
15776372888
13067589888
15132286888
13223298888
18207756888
18933749888
15009851888
13340016888
15204798888
15770119888
15930182888
18730868888
18080716888
18392238888
18263528888
18634971888
13988943888
18220318888
18669494888
15320576888
15339189888
18704399888
13885161888
18083948888
15931681888
13681283888
13653395888
18995671888
19839738888
18734888888
13075810888
13390981888
13547133888
13204624888
18904780888
15897384888
15855718888
15273418888
13689370888
15291537888
18977829888
13322931888
13211080888
15353179888
15039263888
17711753888
13273287777
15803763777
15963227777
18635191777
18234097777
18205792777
18162023777
15543859777
18802476777
13943052777
18602831777
15607317777
15849080777
18109133777
15107465777
18074529777
15773977777
18132687777
13629397777
13887599777
13610744777
15254797777
18507392777
17601650777
13932989777
15939637777
13982880777
18784283777
15843633777
15304842777
15648821777
18643761777
18663585777
18247681777
18281020777
18386091777
13860388777
18247140777
18263616777
15148712777
13945377777
13555497777
18860383777
13575458777
18299982777
15773896777
13295058777
17786260777
18561447777
18640772777
15091942777
15559267777
13587677777
18234869777
15305991777
15569069777
15079395777
13638344777
18539621777
15540795777
18762310777
18982587777
13986082777
13833089777
15835197777
13653187777
15358187777
15502917777
13655487777
15987539777
15558097777
18047889777
18162237777
18032018777
15124311777
15044759777
15145627777
13250314777
18631140777
13938626777
13903561777
15146727777
18119115777
18639625777
18631133777
13851389777
15020949777
13973885777
18691285666
13338065666
15604477666
13737446666
13408015666
15164756666
15105559666
15067812666
18736076666
13252586666
13328786666
13767732666
13289297666
18749227666
13754896666
15511084666
13636029666
15578376666
17799435666
15904794666
18247088666
13789128666
13946022666
13541694666
18945325666
13588516666
18935116666
13308837666
15309170666
13638199666
13356290666
13784330666
13564033666
15773876666
18391116666
18760716666
18659960666
15700828666
13503998666
15190711666
13716288666
15503564666
18609993666
13316688666
18627017666
19304774666
15731165666
13973161666
15803195666
13909186666
13990873666
18755126666
15750476666
15674122666
13842612666
13992281666
15664676666
15663928666
18911970666
15054860666
15105123666
13700496666
13453065666
15227856666
15227832666
13170364666
13778057666
15903791666
18346783666
13699023666
15336114666
17609182666
18161591666
15727379666
13655278666
18607793666
18691285666
13338065666
15604477666
13737446666
13408015666
15164756666
15105559666
15067812666
18736076666
13252586666
13328786666
13767732666
13289297666
18749227666
13754896666
15511084666
13636029666
15578376666
17799435666
15904794666
18247088666
13789128666
13946022666
13541694666
18945325666
13588516666
18935116666
13308837666
15309170666
13638199666
13356290666
13784330666
13564033666
15773876666
18391116666
18760716666
18659960666
15700828666
13503998666
15190711666
13716288666
15503564666
18609993666
13316688666
18627017666
19304774666
15731165666
13973161666
15803195666
13909186666
13990873666
18755126666
15750476666
15674122666
13842612666
13992281666
15664676666
15663928666
18911970666
15054860666
15105123666
13700496666
13453065666
15227856666
15227832666
13170364666
13778057666
15903791666
18346783666
13699023666
15336114666
17609182666
18161591666
15727379666
13655278666
18607793666
