18083438888
15146317777
13063559999
15632339999
13906951111
18962943333
15324699999
13134349999
13595169999
15933199999
15559857777
15970314666
18726071888
13879859888
13133613777
18379394999
15833778888
15750166666
15060699999
13657075777
15227646666
13876618888
15059579999
13737736666
15164446666
18248678888
18270503888
13273397777
13367926777
13252496666
18162027777
13160138888
13945067777
15946885888
15070408777
13435561111
18346898888
18979058666
13179888888
13179788888
18015628888
13103599999
18391906666
13063359999
17370853777
18263318888
19839528888
15750866666
15324099999
15145217777
13146018888
18736566666
15835687777
13962386666
15855508888
15830758888
15306987777
15061739999
15371947777
15506859999
15204588888
13273097777
15307961666
18379110999
15081909999
13696035777
17768563333
18507006666
18296339666
13222122222
15971388888
13904268888
18160781666
13189728888
15750666666
13629587777
13103099999
15227546666
13222022222
15773366666
15273908888
13818019999
13146818888
17751235555
13189628888
15979937888
15995459999
17768208888
13876018888
15390831666
13295666666
18915568888
18734698888
15559757777
15506659999
13862455555
18902129999
13270266666
18732068888
13629687777
15578466666
15717001111
15336930777
18961506666
15632439999
13737936666
15306887777
13179188888
13588006666
13879597777
15506959999
18270213333
18961606666
13732921999
13879725999
15358697777
13315288888
15606677777
15830258888
13657000999
18935906666
13629187777
13179388888
13357189999
17768808888
17751135555
13576168666
18961706666
18219579999
13862755555
15720995555
15227746666
13367018888
18170521777
13607018888
13357689999
13307608888
15070539888
13424842777
15204288888
13962366666
15833578888
15859999999
13647046666
13775886666
15586899999
13626582222
13115869999
13870503999
13315388888
15214909999
18516159666
15324199999
15773767777
15083522888
15963817777
13626382222
19839428888
18961206666
13653677777
13861437777
18732868888
13278419999
15146917777
13870699999
13223588888
13146118888
13879683666
18915268888
13862996666
15995059999
13738564888
13862696666
18160722999
18219679999
13912537777
18046796888
18322039999
18132577777
13836369999
13862896666
13876918888
13221217888
18162127777
15279375999
18807061111
13888129999
13806971111
15896209999
15896809999
13103399999
13629287777
15061839999
15254587777
13798841999
18172986666
15933099999
18732268888
13970883999
13146718888
13672215555
15552658888
13677977999
18162117777
13134879999
18875169999
15578866666
13376018888
13970821888
13376818888
13223788888
13870299999
13618838888
15870695555
15896009999
13265399999
19839328888
13134649999
18732968888
13979496999
13738028999
15773766666
15216196888
13588406666
13335108888
13888429999
18533548666
18730558888
15123656888
13587767777
18730458888
13149049999
18270579888
13115669999
15358407777
19979008888
15164246666
13870499999
18902429999
13912237777
13252196666
13111111111
13836869999
13218067777
18162827777
13092445555
13587067777
13576593777
13306008888
13862991111
18988099999
18761816666
13576088999
18270572999
15371147777
15995359999
18761016666
13333833333
15859499999
13511082222
13389948888
15506666666
18162727777
18170787777
18807955777
13806871111
18962843333
13306908888
15896409999
13236215555
15664466666
15079069999
13888029999
18761516666
13818419999
18875469999
18734098888
15971088888
13775086666
13700086666
17768508888
13907046888
15081609999
13375013333
15750066666
13518499999
13775986666
13382888888
18935706666
13700286666
15214609999
13818819999
15971188888
13806071111
13252096666
15297957888
15061039999
15559357777
13376718888
18679969888
13222822222
18220208888
15586099999
13207066999
18346798888
15933599999
18805088999
15502407777
18322139999
13382988888
18263718888
15607947666
15773666666
15578966666
13333303333
15939227777
13223888888
13160038888
13870818777
15829026888
13587567777
18083638888
15559957777
15164146666
13862796666
15374375666
15558587777
13135109999
17751835555
13773683333
15502007777
13149949999
15664366666
13387051888
13755452999
13134749999
18248978888
13555387777
13755619666
13278619999
18015028888
15750266666
18132477777
13836969999
18219379999
13656978888
18982397777
15757599999
13876218888
13273897777
15371347777
15950821111
18015428888
13870852888
13962186666
13189528888
13222722222
15879977888
13117949888
13223988888
13862091111
13389048888
15607907777
13588206666
15146517777
18234887777
