13970883999
15180365999
13738028999
13879725999
18270572999
19807938999
13672277999
18397836999
13207066999
13657000999
13870503999
18805088999
13250488999
13677977999
18379394999
18879944999
13250488999
13250488999
13979496999
15607017999
18720661999
13755452999
13732921999
13798841999
13870940999
13576088999
15079069999
13250488999
13250488999
13576658999
18379110999
18160722999
13250488999
13250488999
13250488999
15279375999
13907046888
13684888888
15070539888
18726071888
13044989888
13970821888
13870631888
13221217888
18370680888
13738564888
15297957888
19107998888
13607018888
18679825888
13361639888
13755436888
15216196888
13361750888
15829026888
13367018888
18046796888
15879760888
15079068888
13879859888
18270503888
13607969888
18270579888
15083522888
15979937888
18179595888
15123656888
13387051888
13361639888
18296528888
19979008888
18000205888
13367034888
18779619888
18970406888
13117949888
13367018888
17779988888
15946885888
15180630888
15270202888
15179115888
18779567888
15170918888
15970170888
13870852888
18679969888
15879977888
19979253888
13407021888
18270161777
18861547777
18170931777
13979816777
13424842777
13870818777
15336930777
13657075777
18807989777
18720027777
18170521777
18779986777
18807955777
13367926777
13133613777
13576593777
13879597777
13755969777
15879339777
13696035777
18170787777
15070408777
18770305777
17370853777
18160781666
18516159666
18507006666
13755596666
13576168666
18879428666
18296339666
15970314666
13684842666
13694834666
13755619666
13879683666
18107050666
18172986666
13647046666
15390831666
13607047666
13647046666
18296956666
18533548666
13133645666
15374375666
17099195666
13763937666
15307961666
15607947666
18979058666
15720995555
13672215555
15870695555
13576635555
18270213333
13576573333
18179753333
13767893333
18770273333
13879522222
13761612222
18170892222
18970561111
13435561111
15579261111
15717001111
18807061111
13111111111

